n=1
count=0

n=2
count=2
#1
[(0, 1)]
#2
[(0, 1), (1, 0)]

n=3
count=13
#2
[(0, 1), (0, 2)]
[(0, 1), (1, 2)]
[(0, 1), (2, 1)]
#3
[(0, 1), (0, 2), (1, 0)]
[(0, 1), (0, 2), (1, 2)]
[(0, 1), (1, 0), (2, 0)]
[(0, 1), (1, 2), (2, 0)]
#4
[(0, 1), (0, 2), (1, 0), (1, 2)]
[(0, 1), (0, 2), (1, 0), (2, 0)]
[(0, 1), (0, 2), (1, 0), (2, 1)]
[(0, 1), (0, 2), (1, 2), (2, 1)]
#5
[(0, 1), (0, 2), (1, 0), (1, 2), (2, 0)]
#6
[(0, 1), (0, 2), (1, 0), (1, 2), (2, 0), (2, 1)]

n=4
count=199
#3
[(0, 1), (0, 2), (0, 3)]
[(0, 1), (0, 2), (1, 3)]
[(0, 1), (0, 2), (3, 0)]
[(0, 1), (0, 2), (3, 1)]
[(0, 1), (1, 2), (2, 3)]
[(0, 1), (1, 2), (3, 1)]
[(0, 1), (1, 2), (3, 2)]
[(0, 1), (2, 1), (3, 1)]
#4
[(0, 1), (0, 2), (0, 3), (1, 0)]
[(0, 1), (0, 2), (0, 3), (1, 2)]
[(0, 1), (0, 2), (1, 0), (1, 3)]
[(0, 1), (0, 2), (1, 0), (2, 3)]
[(0, 1), (0, 2), (1, 0), (3, 0)]
[(0, 1), (0, 2), (1, 0), (3, 1)]
[(0, 1), (0, 2), (1, 0), (3, 2)]
[(0, 1), (0, 2), (1, 2), (1, 3)]
[(0, 1), (0, 2), (1, 2), (2, 3)]
[(0, 1), (0, 2), (1, 2), (3, 0)]
[(0, 1), (0, 2), (1, 2), (3, 1)]
[(0, 1), (0, 2), (1, 2), (3, 2)]
[(0, 1), (0, 2), (1, 3), (2, 3)]
[(0, 1), (0, 2), (1, 3), (3, 0)]
[(0, 1), (0, 2), (1, 3), (3, 1)]
[(0, 1), (0, 2), (1, 3), (3, 2)]
[(0, 1), (0, 2), (3, 1), (3, 2)]
[(0, 1), (1, 0), (2, 0), (3, 0)]
[(0, 1), (1, 0), (2, 0), (3, 1)]
[(0, 1), (1, 0), (2, 0), (3, 2)]
[(0, 1), (1, 2), (2, 0), (3, 0)]
[(0, 1), (1, 2), (2, 3), (3, 0)]
#5
[(0, 1), (0, 2), (0, 3), (1, 0), (1, 2)]
[(0, 1), (0, 2), (0, 3), (1, 0), (2, 0)]
[(0, 1), (0, 2), (0, 3), (1, 0), (2, 1)]
[(0, 1), (0, 2), (0, 3), (1, 0), (2, 3)]
[(0, 1), (0, 2), (0, 3), (1, 2), (1, 3)]
[(0, 1), (0, 2), (0, 3), (1, 2), (2, 1)]
[(0, 1), (0, 2), (0, 3), (1, 2), (2, 3)]
[(0, 1), (0, 2), (0, 3), (1, 2), (3, 2)]
[(0, 1), (0, 2), (1, 0), (1, 2), (2, 3)]
[(0, 1), (0, 2), (1, 0), (1, 2), (3, 0)]
[(0, 1), (0, 2), (1, 0), (1, 2), (3, 2)]
[(0, 1), (0, 2), (1, 0), (1, 3), (2, 0)]
[(0, 1), (0, 2), (1, 0), (1, 3), (2, 1)]
[(0, 1), (0, 2), (1, 0), (1, 3), (2, 3)]
[(0, 1), (0, 2), (1, 0), (2, 0), (3, 0)]
[(0, 1), (0, 2), (1, 0), (2, 0), (3, 1)]
[(0, 1), (0, 2), (1, 0), (2, 1), (2, 3)]
[(0, 1), (0, 2), (1, 0), (2, 1), (3, 0)]
[(0, 1), (0, 2), (1, 0), (2, 1), (3, 1)]
[(0, 1), (0, 2), (1, 0), (2, 1), (3, 2)]
[(0, 1), (0, 2), (1, 0), (2, 3), (3, 0)]
[(0, 1), (0, 2), (1, 0), (2, 3), (3, 1)]
[(0, 1), (0, 2), (1, 0), (2, 3), (3, 2)]
[(0, 1), (0, 2), (1, 0), (3, 0), (3, 1)]
[(0, 1), (0, 2), (1, 0), (3, 0), (3, 2)]
[(0, 1), (0, 2), (1, 0), (3, 1), (3, 2)]
[(0, 1), (0, 2), (1, 2), (1, 3), (2, 3)]
[(0, 1), (0, 2), (1, 2), (1, 3), (3, 0)]
[(0, 1), (0, 2), (1, 2), (1, 3), (3, 2)]
[(0, 1), (0, 2), (1, 2), (2, 1), (3, 0)]
[(0, 1), (0, 2), (1, 2), (2, 1), (3, 1)]
[(0, 1), (0, 2), (1, 2), (2, 3), (3, 0)]
[(0, 1), (0, 2), (1, 2), (2, 3), (3, 1)]
[(0, 1), (0, 2), (1, 2), (2, 3), (3, 2)]
[(0, 1), (0, 2), (1, 2), (3, 1), (3, 2)]
[(0, 1), (0, 2), (1, 3), (2, 3), (3, 0)]
[(0, 1), (0, 2), (1, 3), (2, 3), (3, 1)]
#6
[(0, 1), (0, 2), (0, 3), (1, 0), (1, 2), (1, 3)]
[(0, 1), (0, 2), (0, 3), (1, 0), (1, 2), (2, 0)]
[(0, 1), (0, 2), (0, 3), (1, 0), (1, 2), (2, 1)]
[(0, 1), (0, 2), (0, 3), (1, 0), (1, 2), (2, 3)]
[(0, 1), (0, 2), (0, 3), (1, 0), (1, 2), (3, 0)]
[(0, 1), (0, 2), (0, 3), (1, 0), (1, 2), (3, 1)]
[(0, 1), (0, 2), (0, 3), (1, 0), (1, 2), (3, 2)]
[(0, 1), (0, 2), (0, 3), (1, 0), (2, 0), (3, 0)]
[(0, 1), (0, 2), (0, 3), (1, 0), (2, 0), (3, 1)]
[(0, 1), (0, 2), (0, 3), (1, 0), (2, 1), (2, 3)]
[(0, 1), (0, 2), (0, 3), (1, 0), (2, 1), (3, 1)]
[(0, 1), (0, 2), (0, 3), (1, 0), (2, 1), (3, 2)]
[(0, 1), (0, 2), (0, 3), (1, 0), (2, 3), (3, 2)]
[(0, 1), (0, 2), (0, 3), (1, 2), (1, 3), (2, 1)]
[(0, 1), (0, 2), (0, 3), (1, 2), (1, 3), (2, 3)]
[(0, 1), (0, 2), (0, 3), (1, 2), (2, 1), (3, 1)]
[(0, 1), (0, 2), (0, 3), (1, 2), (2, 3), (3, 1)]
[(0, 1), (0, 2), (1, 0), (1, 2), (2, 0), (2, 3)]
[(0, 1), (0, 2), (1, 0), (1, 2), (2, 0), (3, 0)]
[(0, 1), (0, 2), (1, 0), (1, 2), (2, 0), (3, 1)]
[(0, 1), (0, 2), (1, 0), (1, 2), (2, 0), (3, 2)]
[(0, 1), (0, 2), (1, 0), (1, 2), (2, 3), (3, 0)]
[(0, 1), (0, 2), (1, 0), (1, 2), (2, 3), (3, 2)]
[(0, 1), (0, 2), (1, 0), (1, 2), (3, 0), (3, 1)]
[(0, 1), (0, 2), (1, 0), (1, 2), (3, 0), (3, 2)]
[(0, 1), (0, 2), (1, 0), (1, 3), (2, 0), (2, 3)]
[(0, 1), (0, 2), (1, 0), (1, 3), (2, 0), (3, 0)]
[(0, 1), (0, 2), (1, 0), (1, 3), (2, 0), (3, 1)]
[(0, 1), (0, 2), (1, 0), (1, 3), (2, 0), (3, 2)]
[(0, 1), (0, 2), (1, 0), (1, 3), (2, 1), (2, 3)]
[(0, 1), (0, 2), (1, 0), (1, 3), (2, 1), (3, 0)]
[(0, 1), (0, 2), (1, 0), (1, 3), (2, 1), (3, 2)]
[(0, 1), (0, 2), (1, 0), (1, 3), (2, 3), (3, 2)]
[(0, 1), (0, 2), (1, 0), (2, 0), (3, 0), (3, 1)]
[(0, 1), (0, 2), (1, 0), (2, 0), (3, 1), (3, 2)]
[(0, 1), (0, 2), (1, 0), (2, 1), (2, 3), (3, 0)]
[(0, 1), (0, 2), (1, 0), (2, 1), (2, 3), (3, 1)]
[(0, 1), (0, 2), (1, 0), (2, 1), (2, 3), (3, 2)]
[(0, 1), (0, 2), (1, 0), (2, 1), (3, 0), (3, 1)]
[(0, 1), (0, 2), (1, 0), (2, 1), (3, 0), (3, 2)]
[(0, 1), (0, 2), (1, 0), (2, 1), (3, 1), (3, 2)]
[(0, 1), (0, 2), (1, 0), (2, 3), (3, 0), (3, 1)]
[(0, 1), (0, 2), (1, 0), (2, 3), (3, 1), (3, 2)]
[(0, 1), (0, 2), (1, 2), (1, 3), (2, 3), (3, 0)]
[(0, 1), (0, 2), (1, 2), (1, 3), (2, 3), (3, 2)]
[(0, 1), (0, 2), (1, 2), (1, 3), (3, 0), (3, 2)]
[(0, 1), (0, 2), (1, 2), (2, 1), (3, 1), (3, 2)]
#7
[(0, 1), (0, 2), (0, 3), (1, 0), (1, 2), (1, 3), (2, 0)]
[(0, 1), (0, 2), (0, 3), (1, 0), (1, 2), (1, 3), (2, 3)]
[(0, 1), (0, 2), (0, 3), (1, 0), (1, 2), (2, 0), (2, 1)]
[(0, 1), (0, 2), (0, 3), (1, 0), (1, 2), (2, 0), (2, 3)]
[(0, 1), (0, 2), (0, 3), (1, 0), (1, 2), (2, 0), (3, 0)]
[(0, 1), (0, 2), (0, 3), (1, 0), (1, 2), (2, 0), (3, 1)]
[(0, 1), (0, 2), (0, 3), (1, 0), (1, 2), (2, 0), (3, 2)]
[(0, 1), (0, 2), (0, 3), (1, 0), (1, 2), (2, 1), (2, 3)]
[(0, 1), (0, 2), (0, 3), (1, 0), (1, 2), (2, 1), (3, 0)]
[(0, 1), (0, 2), (0, 3), (1, 0), (1, 2), (2, 1), (3, 1)]
[(0, 1), (0, 2), (0, 3), (1, 0), (1, 2), (2, 1), (3, 2)]
[(0, 1), (0, 2), (0, 3), (1, 0), (1, 2), (2, 3), (3, 0)]
[(0, 1), (0, 2), (0, 3), (1, 0), (1, 2), (2, 3), (3, 1)]
[(0, 1), (0, 2), (0, 3), (1, 0), (1, 2), (2, 3), (3, 2)]
[(0, 1), (0, 2), (0, 3), (1, 0), (1, 2), (3, 0), (3, 2)]
[(0, 1), (0, 2), (0, 3), (1, 0), (1, 2), (3, 1), (3, 2)]
[(0, 1), (0, 2), (0, 3), (1, 0), (2, 0), (3, 1), (3, 2)]
[(0, 1), (0, 2), (0, 3), (1, 0), (2, 1), (2, 3), (3, 1)]
[(0, 1), (0, 2), (0, 3), (1, 0), (2, 1), (2, 3), (3, 2)]
[(0, 1), (0, 2), (0, 3), (1, 2), (1, 3), (2, 1), (2, 3)]
[(0, 1), (0, 2), (0, 3), (1, 2), (1, 3), (2, 1), (3, 1)]
[(0, 1), (0, 2), (0, 3), (1, 2), (1, 3), (2, 1), (3, 2)]
[(0, 1), (0, 2), (0, 3), (1, 2), (1, 3), (2, 3), (3, 2)]
[(0, 1), (0, 2), (1, 0), (1, 2), (2, 0), (2, 1), (3, 0)]
[(0, 1), (0, 2), (1, 0), (1, 2), (2, 0), (2, 3), (3, 0)]
[(0, 1), (0, 2), (1, 0), (1, 2), (2, 0), (2, 3), (3, 1)]
[(0, 1), (0, 2), (1, 0), (1, 2), (2, 0), (2, 3), (3, 2)]
[(0, 1), (0, 2), (1, 0), (1, 2), (2, 0), (3, 0), (3, 1)]
[(0, 1), (0, 2), (1, 0), (1, 2), (2, 0), (3, 0), (3, 2)]
[(0, 1), (0, 2), (1, 0), (1, 2), (2, 0), (3, 1), (3, 2)]
[(0, 1), (0, 2), (1, 0), (1, 2), (2, 3), (3, 0), (3, 1)]
[(0, 1), (0, 2), (1, 0), (1, 2), (2, 3), (3, 0), (3, 2)]
[(0, 1), (0, 2), (1, 0), (1, 3), (2, 0), (2, 3), (3, 0)]
[(0, 1), (0, 2), (1, 0), (1, 3), (2, 0), (2, 3), (3, 1)]
[(0, 1), (0, 2), (1, 0), (1, 3), (2, 0), (3, 0), (3, 2)]
[(0, 1), (0, 2), (1, 0), (1, 3), (2, 1), (2, 3), (3, 0)]
[(0, 1), (0, 2), (1, 0), (1, 3), (2, 1), (2, 3), (3, 2)]
[(0, 1), (0, 2), (1, 0), (2, 1), (2, 3), (3, 0), (3, 1)]
#8
[(0, 1), (0, 2), (0, 3), (1, 0), (1, 2), (1, 3), (2, 0), (2, 1)]
[(0, 1), (0, 2), (0, 3), (1, 0), (1, 2), (1, 3), (2, 0), (2, 3)]
[(0, 1), (0, 2), (0, 3), (1, 0), (1, 2), (1, 3), (2, 0), (3, 0)]
[(0, 1), (0, 2), (0, 3), (1, 0), (1, 2), (1, 3), (2, 0), (3, 1)]
[(0, 1), (0, 2), (0, 3), (1, 0), (1, 2), (1, 3), (2, 0), (3, 2)]
[(0, 1), (0, 2), (0, 3), (1, 0), (1, 2), (1, 3), (2, 3), (3, 2)]
[(0, 1), (0, 2), (0, 3), (1, 0), (1, 2), (2, 0), (2, 1), (3, 0)]
[(0, 1), (0, 2), (0, 3), (1, 0), (1, 2), (2, 0), (2, 1), (3, 1)]
[(0, 1), (0, 2), (0, 3), (1, 0), (1, 2), (2, 0), (2, 3), (3, 0)]
[(0, 1), (0, 2), (0, 3), (1, 0), (1, 2), (2, 0), (2, 3), (3, 1)]
[(0, 1), (0, 2), (0, 3), (1, 0), (1, 2), (2, 0), (2, 3), (3, 2)]
[(0, 1), (0, 2), (0, 3), (1, 0), (1, 2), (2, 0), (3, 0), (3, 2)]
[(0, 1), (0, 2), (0, 3), (1, 0), (1, 2), (2, 0), (3, 1), (3, 2)]
[(0, 1), (0, 2), (0, 3), (1, 0), (1, 2), (2, 1), (2, 3), (3, 0)]
[(0, 1), (0, 2), (0, 3), (1, 0), (1, 2), (2, 1), (2, 3), (3, 1)]
[(0, 1), (0, 2), (0, 3), (1, 0), (1, 2), (2, 1), (2, 3), (3, 2)]
[(0, 1), (0, 2), (0, 3), (1, 0), (1, 2), (2, 1), (3, 0), (3, 2)]
[(0, 1), (0, 2), (0, 3), (1, 0), (1, 2), (2, 1), (3, 1), (3, 2)]
[(0, 1), (0, 2), (0, 3), (1, 0), (1, 2), (2, 3), (3, 1), (3, 2)]
[(0, 1), (0, 2), (0, 3), (1, 0), (2, 1), (2, 3), (3, 1), (3, 2)]
[(0, 1), (0, 2), (0, 3), (1, 2), (1, 3), (2, 1), (2, 3), (3, 1)]
[(0, 1), (0, 2), (1, 0), (1, 2), (2, 0), (2, 1), (3, 0), (3, 1)]
[(0, 1), (0, 2), (1, 0), (1, 2), (2, 0), (2, 3), (3, 0), (3, 1)]
[(0, 1), (0, 2), (1, 0), (1, 2), (2, 0), (2, 3), (3, 0), (3, 2)]
[(0, 1), (0, 2), (1, 0), (1, 2), (2, 0), (2, 3), (3, 1), (3, 2)]
[(0, 1), (0, 2), (1, 0), (1, 3), (2, 0), (2, 3), (3, 1), (3, 2)]
[(0, 1), (0, 2), (1, 0), (1, 3), (2, 1), (2, 3), (3, 0), (3, 2)]
#9
[(0, 1), (0, 2), (0, 3), (1, 0), (1, 2), (1, 3), (2, 0), (2, 1), (2, 3)]
[(0, 1), (0, 2), (0, 3), (1, 0), (1, 2), (1, 3), (2, 0), (2, 1), (3, 0)]
[(0, 1), (0, 2), (0, 3), (1, 0), (1, 2), (1, 3), (2, 0), (2, 1), (3, 2)]
[(0, 1), (0, 2), (0, 3), (1, 0), (1, 2), (1, 3), (2, 0), (2, 3), (3, 0)]
[(0, 1), (0, 2), (0, 3), (1, 0), (1, 2), (1, 3), (2, 0), (2, 3), (3, 1)]
[(0, 1), (0, 2), (0, 3), (1, 0), (1, 2), (1, 3), (2, 0), (2, 3), (3, 2)]
[(0, 1), (0, 2), (0, 3), (1, 0), (1, 2), (2, 0), (2, 1), (3, 0), (3, 1)]
[(0, 1), (0, 2), (0, 3), (1, 0), (1, 2), (2, 0), (2, 1), (3, 1), (3, 2)]
[(0, 1), (0, 2), (0, 3), (1, 0), (1, 2), (2, 0), (2, 3), (3, 0), (3, 1)]
[(0, 1), (0, 2), (0, 3), (1, 0), (1, 2), (2, 0), (2, 3), (3, 1), (3, 2)]
[(0, 1), (0, 2), (0, 3), (1, 0), (1, 2), (2, 1), (2, 3), (3, 0), (3, 2)]
[(0, 1), (0, 2), (0, 3), (1, 0), (1, 2), (2, 1), (2, 3), (3, 1), (3, 2)]
[(0, 1), (0, 2), (0, 3), (1, 2), (1, 3), (2, 1), (2, 3), (3, 1), (3, 2)]
#10
[(0, 1), (0, 2), (0, 3), (1, 0), (1, 2), (1, 3), (2, 0), (2, 1), (2, 3), (3, 0)]
[(0, 1), (0, 2), (0, 3), (1, 0), (1, 2), (1, 3), (2, 0), (2, 1), (3, 0), (3, 1)]
[(0, 1), (0, 2), (0, 3), (1, 0), (1, 2), (1, 3), (2, 0), (2, 1), (3, 0), (3, 2)]
[(0, 1), (0, 2), (0, 3), (1, 0), (1, 2), (1, 3), (2, 0), (2, 3), (3, 0), (3, 2)]
[(0, 1), (0, 2), (0, 3), (1, 0), (1, 2), (1, 3), (2, 0), (2, 3), (3, 1), (3, 2)]
#11
[(0, 1), (0, 2), (0, 3), (1, 0), (1, 2), (1, 3), (2, 0), (2, 1), (2, 3), (3, 0), (3, 1)]
#12
[(0, 1), (0, 2), (0, 3), (1, 0), (1, 2), (1, 3), (2, 0), (2, 1), (2, 3), (3, 0), (3, 1), (3, 2)]

